ofr20091102 Environmental Layers/sp30cv.asc
ncols        566
nrows        729
xllcorner    314025.779199999990
yllcorner    3594742.629285299685
cellsize     999.911660000000
NODATA_value  -9999
[rows 276 to 321 of 729, columns 96 to 191 of 566]
1 1 1 1 1 1 1.4210854715201397872e-14 0 0 0 0 0 0 0 0 0 0 0 0 0 0 0 0 0 0 0 0 0 0 0 0 0 0 1 1 1 1 1 1 1 0 0 0 0 0 0 0 0 0 0 0 0 0 0 1 1 1 1 1 1 1 1 1 1 1 1 2.9999999999999431566 4 5 5 5 5 8 6.0000000000000568434 4 2.9999999999999431566 1 1 1 1 1 1 1 1.0000000000000284217 2 3 3.9999999999999715783 8.9999999999998578915 71 57.999999999998777866 14.999999999999801048 8 15 12.000000000000085265 15.999999999999886313 25
1 1 1 1 1 1 0.99999999999994315658 0.99999999999992894573 0 0 0 0 0 0 0 0 0 0 0 0 0 0 0 0 0 0 0 0 0 0 0 0 0 5.6843418860798321347e-14 8.5265128291195866433e-14 0.99999999999988631316 0.99999999999988631316 0.99999999999988631316 8.5265128291196674227e-14 5.6843418860798321347e-14 0 0 0 0 0 0 0 0 0 0 0 0 0 0 5.6843418860798321347e-14 5.6843418860798321347e-14 5.6843418860798321347e-14 1 1 1 1 1 1 1 1 1 2.9999999999998294697 2.9999999999999431566 3 3 3 3 3.0000000000001705303 2.9999999999999431566 2 1.0000000000001136868 1 1 1 1 0.99999999999988631316 0.99999999999988631316 1 1.0000000000000284217 1.9999999999998863132 1.9999999999999431566 2.9999999999999147349 5.0000000000000568434 34.000000000000056843 12.000000000002671641 10.000000000000142109 9.0000000000001705303 11.000000000000795808 17.000000000001477929 30.000000000024641622 182.99999999997362465
1 1 1 1 1 1 1 0.99999999999998578915 0 0 0 0 0 0 0 0 0 0 0 0 0 0 0 0 0 0 0 0 0 0 0 0 0 0 0 0 0 0 0 0 0 0 0 0 0 0 0 0 0 0 0 0 0 0 0 0 0 1 1 1 1 1 1 1 1 1 1.9999999999999715783 2 2 2 2 2 2 1.0000000000000284217 1 1 1 1 1 1 2.8421709430403199641e-14 0 1 1 1 1 1.9999999999999715783 3.9999999999999431566 16 12.999999999999886313 9.0000000000000568434 11 16 33.999999999999488409 256.99999999999363354 30
1 1 1 1 1 1 1 1 0.99999999999988631316 0.99999999999988631316 1.4210854715198651374e-13 1.1368683772159018035e-13 1.1368683772159018035e-13 1.6155871338921959589e-27 0 0 0 0 0 0 0 0 0 0 0 0 0 0 0 0 0 0 0 0 0 0 0 0 0 0 0 0 0 0 0 0 0 0 0 0 0 1.1368683772159018035e-13 3.2311742677844378355e-27 1.1368683772159018035e-13 0.99999999999985789145 1.1368683772158694917e-13 0 1 1 1 2.2737367544318036069e-13 1 1 1 1 1 1.0000000000001136868 1.9999999999998863132 1.9999999999998863132 1.9999999999998863132 1.9999999999998863132 1.0000000000001136868 1.0000000000001136868 1 1 0.99999999999997157829 1.1368683772159018035e-13 1.1368683772159018035e-13 1.1368683772159018035e-13 1.1368683772159018035e-13 3.2311742677844378355e-27 0 1 1 1 1 1.0000000000001136868 3.0000000000002842171 30.000000000025465852 11.000000000000113687 11.000000000000227374 15.000000000000795808 29.000000000014097168 500.99999999987937827 26.000000000038170356 12.000000000001477929
1 1 1 1 1 1 1 1 1 1 1 1 1 1.4210854715201397872e-14 0 0 0 0 0 0 0 0 0 0 0 0 0 0 0 0 0 0 0 0 0 0 0 0 0 0 0 0 0 0 0 0 0 0 0 0 0 1 2.8421709430403199641e-14 1 1 0.99999999999997157829 0 1 1 1 1 1 1 1 1 1 1 1 1 1 1 1 1 1 1 0.99999999999997157829 0 0 0 0 0 0 1 1 1 1 1 4.9999999999998863132 268 10.000000000000113687 14.000000000000341061 26 166 25.000000000004007461 12.000000000000369482 7
1 1 1 1 1 1 1 1 1 1 1 1 1 7.1054273575994064664e-14 0 0 0 0 0 0 0 0 0 0 0 0 0 0 0 0 0 0 0 0 0 0 0 0 0 0 0 0 0 0 0 0 0 0 0 0 0 1.7053025658238527052e-13 0.99999999999980104803 1 1 0.99999999999997157829 5.6843418860795090173e-14 1 1 1.989519660127836234e-13 1.7053025658238527052e-13 1 1 1 1 1 1 1 1 1 1 1 1 1 1 1.7053025658238042376e-13 0 0 0 0 0 0 1.705302565823868861e-13 2.5579538487357790578e-13 1 0.99999999999994315658 1 2.0000000000004263256 33.000000000038312464 27.999999999996816769 20.000000000001108447 60.999999999996475708 38.000000000020634161 13.000000000002529532 8.0000000000007105427 5.0000000000002842171
1 1 1 1 1 1 1 1 1 1 1 1 1 0.99999999999997157829 0 0 0 0 0 0 0 0 0 0 0 0 0 0 0 0 0 0 0 0 0 0 0 0 0 0 0 0 0 0 0 0 0 0 0 0 0 0 0.99999999999997157829 1 1 1 1 1 1 2.8421709430403199641e-14 0 1 1 1 1 1 1 1 1 1 1 1 1 1 1 0 0 0 0 0 0 0 2.8421709430403199641e-14 1 1 0 0.99999999999997157829 1 2 30.000000000000198952 37.000000000001904255 104 17 9.0000000000002273737 6.0000000000000852651 4
1 1 1 1 1 1 1 1 1 1 1 1 1 1 0.99999999999981525889 0 0 0 0 0 0 0 0 0 0 0 0 0 0 0 0 0 0 0 0 0 0 0 0 0 0 2.8421709430399160673e-14 0.99999999999982946974 0.99999999999982946974 0.99999999999982946974 8.5265128291191827465e-14 5.6843418860795090173e-14 5.6843418860795090173e-14 5.6843418860793474585e-14 0 0 0 1.7053025658238042376e-13 1 1 1 0.99999999999994315658 0.99999999999994315658 1.7053025658238527052e-13 4.8467614016766567533e-27 0 0.99999999999994315658 0.99999999999994315658 1 1 1 1 1 1 1 1 1 1 1 2.2737367544318036069e-13 0 0 0 0 0 0 0 4.8467614016766567533e-27 1.7053025658238527052e-13 1.7053025658238527052e-13 0 0.99999999999997157829 1 1.9999999999999431566 1.0000000000054853899 20.000000000002415845 27.000000000012335022 11.000000000000852651 7.0000000000003410605 5.0000000000001705303 3.0000000000001705303
1 1 1 1 1 1 1 1 1 1 1 1 1 1 0.99999999999998578915 0 0 0 0 0 0 0 0 0 0 0 0 0 0 0 0 0 0 0 0 0 0 0 0 0 0 2.8421709430404007435e-14 1 1 1 1 1 1 0.99999999999997157829 0 0 0 0 1 1 0.99999999999997157829 0 0 0 0 0 0 2.8421709430404007435e-14 1 1 1 1 1 1 1 1 1 1 1 1 0 0 0 0 0 0 0 0 0 0 0 0.99999999999997157829 1 1 1.000000000000198952 8.0000000000001421085 13 8 5.0000000000000852651 4.0000000000000284217 3
1 1 1 1 1 1 1 1 1 1 1 1 1 1 1 0.99999999999977262632 1.4210854715198974492e-14 0 0 0 0 0 0 0 0 0 0 0 0 0 0 0 0 0 0 0 0 0 0 0 2.8421709430396737293e-14 0.99999999999977262632 1 1 1 1 1 1 1 0.99999999999977262632 0.99999999999977262632 0 0 2.2737367544318036069e-13 1 0.99999999999997157829 0 0 0 0 0 2.8421709430396737293e-14 0.99999999999977262632 1 1 1 1 1 1 1 1 1 1 1 2.2737367544318036069e-13 0 0 0 0 0 0 0 0 0 0 0 2.2737367544317389834e-13 0.99999999999997157829 1 1.0000000000000852651 4.0000000000009379164 5.0000000000018189894 5.000000000000682121 4.0000000000002557954 3.0000000000002557954 2.0000000000002273737
1 1 1 1 1 1 1 1 1 1 1 1 1 1 1 1 1 2.5579538487357346291e-13 0 0 0 0 0 0 0 0 0 0 0 0 0 0 0 0 0 0 0 0 0 0 2.8421709430403199641e-14 1 1 1 1 1 1 1 1 1 1 1 1 2.2737367544318036069e-13 0 0 0 0 0 0 0 0 0 0 0 1 1 1 1 1 1 1 1 1 2.2737367544318036069e-13 0 0 0 0 0 0 0 2.8421709430403199641e-14 0.99999999999997157829 2.2737367544318036069e-13 2.2737367544318036069e-13 2.2737367544318036069e-13 0.99999999999997157829 1 1.0000000000000284217 1.9999999999997726263 2 2.9999999999997726263 2.9999999999997726263 2.9999999999997726263 2
1 1 1 1 1 1 1 1 1 1 1 1 1 1 1 1 1 0.99999999999998578915 0 0 0 0 0 0 0 0 0 0 0 0 0 0 0 0 0 0 0 0 0 0 2.8421709430403199641e-14 1 1 1 1 1 1 1 1 1 1 1 1 1 0 0 0 0 0 0 0 0 0 0 0 1 1 1 1 1 1 1 1 1 1 0 0 0 0 0 0 0 2.8421709430403199641e-14 1 1 1 1 1 1 1 1.0000000000000284217 2 2 2 2 2
1 1 1 1 1 1 1 1 1 1 1 1 1 1 1 1 1 0.99999999999998578915 1.7053025658239496404e-13 0 0 0 0 0 0 0 0 0 0 0 0 0 0 0 0 0 0 0 0 0 1.9895196601279331692e-13 1 1 1 1 1 1 1 1 1 1 1 1 1 0.99999999999997157829 1.7053025658239011728e-13 0 0 0 0 0 0 0 0 0 0 0.99999999999980104803 1 1 1 1 1 0 0.99999999999980104803 0 0 0 0 0 0 0 0 0 2.8421709430404007435e-14 1 1 1 1 1 1 1 1 2 2 2 2
1 1 1 1 1 1 1 1 1 1 1 1 1 1 1 1 1 1 1 0 0 0 0 0 0 0 0 0 0 0 0 0 0 0 0 0 0 0 0 0 1 1 1 1 1 1 1 1 1 1 1 1 1 1 1 0.99999999999997157829 0 0 0 0 0 0 0 0 0 0 0 1 1 1 1 1 0 0 0 0 0 0 0 0 0 0 0 2.8421709430404007435e-14 1 1 1 1 1 1 1 1 2 2 2 2
1 1 1 1 1 1 1 1 1 1 1 1 1 1 1 1 1 1 1 0 0 0 0 0 0 0 0 0 0 0 0 0 0 0 0 0 0 0 0 0 2.5579538487357709798e-13 1 1 1 1 1 1 1 1 1 1 1 1 1 1 0.99999999999997157829 0 0 0 0 0 0 0 0 0 0 0 0.99999999999982946974 0.99999999999980104803 5.6843418860795090173e-14 5.6843418860795090173e-14 5.6843418860795090173e-14 0.99999999999977262632 2.8421709430396737293e-14 0 0 0 0 0 0 0 0 0 2.8421709430404007435e-14 1 1 1 1 1 1 1 1 1.0000000000000568434 1.9999999999999715783 2 2
1 1 1 1 1 1 1 1 1 1 1 1 1 1 1 1 1 1 1 0 0 0 0 0 0 0 0 0 0 0 0 0 0 0 0 0 0 0 0 0 1 1 1 1 1 1 1 1 1 1 1 1 1 1 1 0.99999999999997157829 0 0 0 0 0 0 0 0 0 0 0 0 0 0 0 0 0 0 0 0 0 0 0 0 0 0 0 2.8421709430404007435e-14 1 1 1 1 1 1 1 1 1 1.9999999999999715783 2 2
1 1 1 1 1 1 1 1 1 1 1 1 1 1 1 1 1 1 0.99999999999988631316 0 0 0 0 0 0 0 0 0 0 0 0 0 0 0 0 0 0 0 0 1.1368683772159018035e-13 1 1 1 1 1 1 1 1 1 1 1.0000000000001136868 1.0000000000001136868 1.0000000000001136868 1 1 1 0.99999999999988631316 1.1368683772159018035e-13 0 0 0 0 0 0 0 0 0 0 0 0 0 0 0 0 0 0 0 0 0 0 0 0 0 2.8421709430404007435e-14 1 1 1 1 1 1 1 1 1 1.0000000000002273737 1.9999999999999715783 2
1 1 1 1 1 1 1 1 1 1 1 1 1 1 1 1 1 0.99999999999998578915 0 0 0 0 0 0 0 0 0 0 0 0 0 0 0 0 0 0 0 0 0 1 1 1 1 1 1 1 1 1 1 1 2 2 2 1 1 1 1 1 0 0 0 0 0 0 0 0 0 0 0 0 0 0 0 0 0 0 0 0 0 0 0 0 0 2.8421709430404007435e-14 1 1 1 1 1 1 1 1 1 1.9999999999999715783 2 2
1 1 1 1 1 1 1 1 1 1 1 1 1 1 1 1 1 1 0.99999999999988631316 0 0 0 0 0 0 0 0 0 0 0 0 0 0 0 0 0 0 0 0.99999999999985789145 0.99999999999988631316 0.99999999999988631316 1 1 1 1 1 1.0000000000001136868 1.0000000000001136868 1.0000000000001421085 1.9999999999998863132 2 2 2 1.9999999999997726263 1 1 1 1 0.99999999999988631316 1.4210854715198691764e-13 0 0 0 0 0 0 0 0 0 0 0 0 0 0 0 0 0 0 0 0 0 0 0 6.462348535569059342e-27 2.2737367544318036069e-13 1 1 1 1 1 1 1 2 3.9999999999998294697 3.9999999999998863132 3.0000000000001136868
1 1 1 1 1 1 1 1 1 1 1 1 1 1 1 1 1 1 1 0 0 0 0 0 0 0 0 0 0 0 0 0 0 0 0 0 0 0 0.99999999999997157829 0 2.8421709430403199641e-14 1 1 1 1 1 2 2 2 2 2 2 2 1 1 1 1 1 1 1 0 0 0 0 0 0 0 0 0 0 0 0 0 0 0 0 0 0 0 0 0 0 0 2.8421709430404007435e-14 1 1 1 1 1 1 1 1 3 4.9999999999999431566 5 5
1 1 1 1 1 1 1 1 1 1 1 1 1 1 1 1 1 1 1 0.99999999999982946974 1.4210854715198974492e-14 0 0 0 0 0 0 0 0 0 0 0 0 0 0 0 0 0.99999999999982946974 1 0 2.8421709430401584054e-14 0.99999999999994315658 1 1 1 1 1.9999999999999431566 1.9999999999999431566 1.9999999999999431566 1.9999999999999431566 1.9999999999999431566 2 2 1.0000000000000568434 1.0000000000000568434 1 1 1 1 1 0.99999999999982946974 0.99999999999980104803 5.6843418860793474585e-14 0 0 0 0 0 0 0 0 0 0 0 0 0 0 0 0 0 0 0 0 4.8467614016767945065e-27 1.7053025658238527052e-13 1.7053025658238527052e-13 0.99999999999997157829 1 0.99999999999994315658 1 1 1 2.0000000000001705303 3.0000000000002557954 4.0000000000000852651 5.9999999999997726263
1 1 1 1 1 1 1 1 1 1 1 1 1 1 1 1 1 1 1 1 1.4210854715201397872e-14 0 0 0 0 0 0 0 0 0 0 0 0 0 0 0 0 1 1 0 0 2.8421709430404007435e-14 1 1 1 1 1 1 1 1 1 2 2 2 1.9999999999999715783 1 1 1 1 1 1 1 0.99999999999997157829 0 0 0 0 0 0 0 0 0 0 0 0 0 0 0 0 0 0 0 0 0 0 0 0.99999999999997157829 1 0 1 1 1 2 2 2.9999999999999715783 5
1 1 1 1 1 1 1 1 1 1 1 1 1 1 1 1 1 1 1 1 0.99999999999980104803 5.6843418860795090173e-14 0 0 0 0 0 0 0 0 0 0 0 0 0 0 0 1.7053025658238527052e-13 0.99999999999997157829 5.6843418860795090173e-14 8.5265128291191827465e-14 0.99999999999982946974 1 1 1 1 1 1 1 1 1 1.0000000000001705303 1.9999999999999715783 2 1.9999999999999715783 1 1 1 1 1 1 1 1 0.99999999999982946974 5.6843418860795090173e-14 0 0 0 0 0 0 0 0 0 0 0 0 0 0 0 0 0 0 0 0 0 1.7053025658238042376e-13 1.7053025658238527052e-13 0.99999999999982946974 1 1 1 1.0000000000001705303 1.9999999999999147349 2.0000000000001705303 5.0000000000001136868
1 1 1 1 1 1 1 1 1 1 1 1 1 1 1 1 1 1 1 1 1 1 0 0 0 0 0 0 0 0 0 0 0 0 0 0 0 0 0.99999999999997157829 1 1 1 1 1 1 1 1 1 1 1 1 1 1.9999999999999715783 2 1.9999999999999715783 1 1 1 1 1 1 1 1 1 1 0 0 0 0 0 0 0 0 0 0 0 0 0 0 0 0 0 0 0 0 0 0 0 1 1 1 1 1 1 1.9999999999999715783 7
1 1 1 1 1 1 1 1 1 1 1 1 1 1 1 1 1 1 1 1 1 1 0.99999999999977262632 1.4210854715198974492e-14 0 0 0 0 0 0 0 0 0 0 0 0 0 0 0.99999999999997157829 1 1 1 1 1 1 1 1 1 1 1 1 1 1.9999999999999715783 2 1.9999999999999715783 1 1 1 1 1 1 1 1 1 1 0.99999999999977262632 2.8421709430396737293e-14 0 0 0 0 0 0 0 0 0 0 0 0 0 0 0 0 0 0 0 0 0 2.2737367544318036069e-13 2.5579538487357709798e-13 1 1 1 1 1.9999999999999715783 4.000000000000682121
1 1 1 1 1 1 1 1 1 1 1 1 1 0.99999999999977262632 0.99999999999977262632 0.99999999999977262632 1 1 0.99999999999977262632 0.99999999999977262632 1 1 1 1.4210854715202205666e-14 0 0 0 0 0 0 0 0 0 0 0 0 0 0 2.2737367544317389834e-13 1 1 1 1 1 1 1 1 1 1 1 1 1 1.9999999999999715783 2 1.9999999999999715783 1 1 1 1 1 1 1 1 1 1 1 2.5579538487357709798e-13 0 0 0 0 0 0 2.2737367544317389834e-13 2.2737367544318036069e-13 2.2737367544318036069e-13 2.2737367544318036069e-13 2.2737367544318036069e-13 0 0 0 0 0 0 0 0 0 0 0.99999999999977262632 1 1 1 1 1 1.9999999999999715783 2.9999999999997726263
1 1 1 1 1 1 1 1 1 1 1 1 1 1.4210854715201397872e-14 0 0 0.99999999999998578915 0.99999999999998578915 0 0 0.99999999999998578915 1 1 1.4210854715202205666e-14 0 0 0 0 0 0 0 0 0 0 0 0 0 0 0.99999999999997157829 1 1 1 1 1 1 1 1 1 1 1 1 1 1.9999999999999715783 2 1.9999999999999715783 1 1 1 1 1 1 1 1 1 1 1 1 0 0 0 0 0 0 0.99999999999997157829 1 1 1 1 0 0 0 0 0 0 0 0 0 0 0 1 1 1 1 1 1.9999999999999715783 2
1 1 1 1 1 1 1 1 1 1 1 1 0.99999999999982946974 1.4210854715198974492e-14 0 0 5.6843418860794282379e-14 5.6843418860794282379e-14 0 0 5.6843418860794282379e-14 5.6843418860795090173e-14 5.6843418860795090173e-14 8.0779356694614389719e-28 0 0 0 0 0 0 0 0 0 0 0 0 0 0 2.2737367544317389834e-13 1 1 1 1 1 1 1 1 1 1 1 1 1.9999999999997726263 2 2 2 1.9999999999999147349 1.0000000000001705303 1 1 1 1 1 1 1 1 1 1 0.99999999999994315658 1.7053025658238527052e-13 1.7053025658238527052e-13 1.7053025658238527052e-13 0.99999999999994315658 0.99999999999994315658 1 1 1 0.99999999999997157829 5.6843418860795090173e-14 0 0 0 0 0 0 0 0.99999999999994315658 0.99999999999977262632 0.99999999999994315658 0.99999999999994315658 1 1 1 1 1 1.999999999999801048 2
1 1 1 1 1 1 1 1 1 1 1 1 0 0 0 0 0 0 0 0 0 0 0 0 0 0 0 0 0 0 0 0 0 0 0 0 0 0 0.99999999999997157829 1 1 1 1 1 1 1 1 1 1 1 1 1 1.9999999999999715783 2 2 2 2 1 1 1 1 1 1 1 1 1 1 1 1 1 1 1 1 1 1 1 0.99999999999997157829 0 0 0 0 0 0 0 0 1 2.8421709430404007435e-14 0.99999999999997157829 1 1 1 1 1 1 1 2
1 1 1 1 1 1 1 1 1 1 1 0.99999999999982946974 0 0 0 0 0 0 0 0 0 0 0 0 0 0 0 0 0 0 0 0 0 0 0 0 0 0 2.2737367544317389834e-13 1 1 1 1 1 1 0.99999999999982946974 0.99999999999982946974 1 1 1 1 1 1.0000000000000568434 1.9999999999998294697 1.9999999999998294697 2 2 1.0000000000001705303 1 1 1 1 1 1 1 1 1 1 1 1 1 1 1 1 1 1 1 0.99999999999994315658 1.7053025658238527052e-13 4.8467614016767945065e-27 0 0 0 0 0 5.6843418860795090173e-14 1.6155871338922648355e-27 5.6843418860793474585e-14 5.6843418860795090173e-14 1 1 1 1 1 1 2
1 1 1 1 1 1 1 1 1 1 0.99999999999998578915 0 0 0 0 0 0 0 0 0 0 0 0 0 0 0 0 0 0 0 0 0 0 0 0 0 0 0 0.99999999999997157829 1 1 1 1 1 1 2.8421709430403199641e-14 0 1 1 1 1 1 1 1 1.0000000000000284217 2 2 2 1 1 1 1 1 1 1 1 1 1 1 1 1 1 1 1 1 1 1 1 1 2.8421709430404007435e-14 0 0 0 0 0 0 0 0 0 1 1 1 1 1 1 2
1 1 1 1 1 1 1 1 1 1 0.99999999999987210231 0 0 0 0 0 0 0 0 0 0 0 0 0 0 0 0 0 0 0 0 0 0 0 0 0 0 0 0.99999999999997157829 1 1 1 1 1 1 2.8421709430403199641e-14 0 1 1 1 1 1 1 1 1 1.0000000000001421085 1.9999999999998863132 2 1.0000000000001136868 1 1 1 1 1 1 1 1 1 1 1 1 1 1 1 1 1 1 1 1.1368683772159018035e-13 3.231174267784529671e-27 0 0 0 0 0 0 0 0 0 1.1368683772159018035e-13 1.4210854715199095661e-13 1 1 1 1.9999999999998578915 2
1 1 1 1 1 1 1 1 1 1 2.8421709430402795744e-14 0 0 0 0 0 0 0 0 0 0 0 0 0 0 0 0 0 0 0 0 0 0 0 0 0 0 0 0.99999999999997157829 1 1 1 1 1 1 2.8421709430403199641e-14 0 1 1 1 1 1 1 1 1 1 1 2 2 1.0000000000000284217 1 1 1 1 1 1 1 1 1 1 1 1 1 1 1 1 1 1 0 0 0 0 0 0 0 0 0 0 0 0 2.8421709430404007435e-14 1 1 1 1.9999999999999715783 2
1 1 1 1 1 1 1 1 1 1 2.8421709430402795744e-14 0 0 0 0 0 0 0 0 0 0 0 0 0 0 0 0 0 0 0 0 0 0 0 0 0 0 0 1.1368683772159341152e-13 1 1 1 1 0.99999999999994315658 1.1368683772159664269e-13 3.2311742677846215065e-27 0 0.99999999999994315658 0.99999999999994315658 1 1 1 1 1 1 1 1 1.9999999999999431566 1.9999999999999431566 1.0000000000000284217 1 1 1 1 1 1 1 1 1 1 1 1 1 1 1 1 1 1 0.99999999999988631316 2.8421709430400776261e-14 0 0 0 0 0 0 0 0 0 2.8421709430399968467e-14 0.99999999999988631316 1 1 1 1.9999999999999147349 1.9999999999999431566
1 1 1 1 1 1 1 1 1 1 2.8421709430402795744e-14 0 0 0 0 0 0 0 0 0 0 0 0 0 0 0 0 0 0 0 0 0 0 0 0 0 0 0 0 1 1 1 1 0 0 0 0 0 2.8421709430404007435e-14 1 1 1 1 1 1 1 1 1 1 1 1 1 1 1 1 1 1 1 1 1 1 1 1 1 1 1 1 1 1 2.8421709430404007435e-14 0 0 0 0 0 0 0 0 0 2.8421709430403199641e-14 1 1 1 1 1 1
1 1 1 1 1 1 1 1 1 2.4158453015837933518e-13 6.4623485355687838355e-27 0 0 0 0 0 0 0 0 0 0 0 0 0 0 0 0 0 0 0 0 0 0 0 0 0 0 5.6843418860795090173e-14 1.6155871338922189178e-27 1 1 1 0.99999999999994315658 0 0 0 0 1.6155871338922189178e-27 8.526512829119748202e-14 1 1 1 1 1 1 1 1 1 1 1 1 1 1 1 1 1 1 1 1 1 1 1 1 1 1 1 1 1 1 0.99999999999977262632 2.8421709430396737293e-14 0 0 0 0 0 0 0 0 0.99999999999977262632 0.99999999999994315658 1 1 1 1 1
1 1 1 1 1 1 1 1 1 1 2.8421709430402795744e-14 0 0 0 0 0 0 0 0 0 0 0 0 0 0 0 0 0 0 0 0 0 0 0 0 0 0 1 2.8421709430403199641e-14 1 1 0.99999999999997157829 0 0 0 0 0 2.8421709430403199641e-14 1 1 1 1 1 1 1 1 1 1 1 1 1 1 1 1 1 1 1 1 1 1 1 1 1 1 1 1 1 1 1 2.8421709430404007435e-14 0 0 0 0 0 0 0 0 0 0 2.8421709430404007435e-14 1 1 1 1 1
1 1 1 1 1 1 1 1 1 1 2.8421709430402795744e-14 0 0 0 0 0 0 0 0 0 0 0 0 0 0 0 0 0 0 0 0 0 0 0 0 0 0 1 0.99999999999977262632 1 1 0.99999999999997157829 0 0 0 0 0 6.462348535568875671e-27 2.5579538487357790578e-13 1 1 1 1 1 1 1 1 1 1 1 1 1 1 1 1 1 1 1 1 1 1 1 1 1 1 1 1 1 1 2.8421709430404007435e-14 0 0 0 0 0 0 0 0 0 2.8421709430396737293e-14 0.99999999999977262632 1 1 1 1 1
1 1 1 1 1 1 1 1 1 1 2.8421709430402795744e-14 0 0 0 0 0 0 0 0 0 0 0 0 0 0 0 0 0 0 0 0 0 0 0 0 0 0 0 0.99999999999997157829 1 1 1 1 0 0 0 0 0 2.8421709430404007435e-14 1 1 1 1 1 1 1 1 1 1 1 1 1 1 1 1 1 1 1 1 1 1 1 1 1 1 0.99999999999997157829 0 0 0 0 0 0 0 0 0 0 0 0 0 0 2.8421709430404007435e-14 1 1 1 1 1
1 1 1 1 1 1 1 1 1 1 0.99999999999975841547 0 0 0 0 0 0 0 0 0 0 0 0 0 0 0 0 0 0 0 0 0 0 0 0 0 0 0 0.99999999999997157829 1 1 0.99999999999997157829 2.2737367544318036069e-13 0 0 0 0 0 6.462348535569059342e-27 2.2737367544318036069e-13 1 1 1 1 1 1 1 1 1 1 1 1 1 1 1 1 1 1 1 1 1 1 1 1 1 1 0.99999999999974420462 0 0 0 0 0 0 0 0 0 0 0 0 0 2.8421709430404007435e-14 1 1 1 1 1
1 1 1 1 1 1 1 1 1 1 1 1 2.2737367544318036069e-13 3.2311742677843919178e-27 0 0 0 0 0 0 0 0 0 0 0 0 0 0 0 0 0 0 0 0 0 0 0 0 0.99999999999974420462 1 1 0.99999999999997157829 0 0 0 0 0 2.8421709430403199641e-14 1 1 1 1 1 1 1 1 1 1 1 1 2 1.0000000000002273737 1 1 1 1 1 1 1 1 1 1 1 1 1 2.2737367544317389834e-13 0 0 0 0 0 0 0 0 0 0 0 0 0.99999999999977262632 0.99999999999977262632 1 1 1 1 1 1
1 1 1 1 1 1 1 1 1 1 1 1 1 1.4210854715201397872e-14 0 0 0 0 0 0 0 0 0 0 0 0 0 0 0 0 0 0 0 0 0 0 0 0 0 1 1 0.99999999999997157829 0 0 0 0 0 2.8421709430403199641e-14 1 1 1 1 1 1 1 1 1 1 1 1 2 1.9999999999999715783 1 1 1 1 1 1 1 1 1 1 1 1 1 0.99999999999997157829 0 0 0 0 0 0 0 0 0 0 0 0 0 2.8421709430403199641e-14 1 1 1 1 1 1
1 1 1 1 1 1 1 1 1 1 1 1 1 1.4210854715201397872e-14 0 0 0 0 0 0 0 0 0 0 0 0 0 0 0 0 0 0 0 0 0 0 0 0 0 0.99999999999982946974 1 0.99999999999997157829 0 0 0 0 0 2.842170943039835288e-14 0.99999999999982946974 1 1 1 1 1 1 1 1 1 1 1 2 2 1.9999999999999147349 1.0000000000001705303 1.0000000000001705303 1 1 1 1 1 1 1 1 1 1 0.99999999999980104803 0 0 0 0 0 0 0 0 0 0 0 0 0 0.99999999999977262632 0.99999999999980104803 5.6843418860795090173e-14 1 1 1 1
1 1 1 1 1 1 1 1 1 1 1 1 1 1.4210854715201397872e-14 0 0 0 0 0 0 0 0 0 0 0 0 0 0 0 0 0 0 0 0 0 0 0 0 0 0 1 0.99999999999997157829 0 0 0 0 0 0 2.8421709430404007435e-14 1 1 1 1 1 1 1 1 1 1 1 2 2 2 2 2 1 1 1 1 1 1 1 1 1 1 0 0 0 0 0 0 0 0 0 0 0 0 0 0 0 0 0 1 1 1 1
1 1 1 1 1 1 1 1 1 1 1 1 0.99999999999988631316 0.99999999999980104803 0 0 0 0 0 0 0 0 0 0 0 0 0 0 0 0 0 0 0 0 0 0 0 0 0 0 0.99999999999985789145 5.684341886079670576e-14 0 0 0 0 0 0 2.8421709430400776261e-14 0.99999999999988631316 1 1 1 1 1 1 1 1 1 1 2 2 2 2 2 1.9999999999999431566 1.9999999999999431566 1.0000000000001136868 1.0000000000001136868 1 1 1 1 1 0.99999999999988631316 0 0 0 0 0 0 0 0 0 0 0 0 0 0 0 2.8421709430402391848e-14 0.99999999999994315658 1 1 1 1
1 1 1 1 1 1 1 1 1 1 1 1 0 0 0 0 0 0 0 0 0 0 0 0 0 0 0 0 0 0 0 0 0 0 0 0 0 0 0 0 0 0 0 0 0 0 0 0 0 0 1 1 1 1 1 1 1 1 1 1 2 2 2 2 2 2 2 2 1.9999999999999715783 1 1 1 1 1 0 0 0 0 0 0 0 0 0 0 0 0 0 0 0 0 2.8421709430404007435e-14 1 1 1 1 1
